(kicad_pcb (version 20171130) (host pcbnew 5.1.2-f72e74a~84~ubuntu18.04.1)

  (general
    (thickness 1.6)
    (drawings 4)
    (tracks 355)
    (zones 0)
    (modules 32)
    (nets 47)
  )

  (page A4)
  (layers
    (0 F.Cu signal)
    (31 B.Cu signal)
    (32 B.Adhes user)
    (33 F.Adhes user)
    (34 B.Paste user)
    (35 F.Paste user)
    (36 B.SilkS user)
    (37 F.SilkS user)
    (38 B.Mask user)
    (39 F.Mask user)
    (40 Dwgs.User user)
    (41 Cmts.User user)
    (42 Eco1.User user)
    (43 Eco2.User user)
    (44 Edge.Cuts user)
    (45 Margin user)
    (46 B.CrtYd user)
    (47 F.CrtYd user)
    (48 B.Fab user)
    (49 F.Fab user)
  )

  (setup
    (last_trace_width 0.25)
    (trace_clearance 0.2)
    (zone_clearance 0.5)
    (zone_45_only no)
    (trace_min 0.2)
    (via_size 0.8)
    (via_drill 0.4)
    (via_min_size 0.4)
    (via_min_drill 0.3)
    (uvia_size 0.3)
    (uvia_drill 0.1)
    (uvias_allowed no)
    (uvia_min_size 0.2)
    (uvia_min_drill 0.1)
    (edge_width 0.05)
    (segment_width 0.2)
    (pcb_text_width 0.3)
    (pcb_text_size 1.5 1.5)
    (mod_edge_width 0.12)
    (mod_text_size 1 1)
    (mod_text_width 0.15)
    (pad_size 0.85 0.2)
    (pad_drill 0)
    (pad_to_mask_clearance 0.051)
    (solder_mask_min_width 0.25)
    (aux_axis_origin 0 0)
    (visible_elements FFFFFF7F)
    (pcbplotparams
      (layerselection 0x00000_7fffffff)
      (usegerberextensions false)
      (usegerberattributes false)
      (usegerberadvancedattributes false)
      (creategerberjobfile false)
      (excludeedgelayer true)
      (linewidth 0.100000)
      (plotframeref false)
      (viasonmask false)
      (mode 1)
      (useauxorigin false)
      (hpglpennumber 1)
      (hpglpenspeed 20)
      (hpglpendiameter 15.000000)
      (psnegative false)
      (psa4output false)
      (plotreference true)
      (plotvalue true)
      (plotinvisibletext false)
      (padsonsilk false)
      (subtractmaskfromsilk false)
      (outputformat 5)
      (mirror true)
      (drillshape 0)
      (scaleselection 1)
      (outputdirectory ""))
  )

  (net 0 "")
  (net 1 gnd)
  (net 2 vcc)
  (net 3 "Net-(BT2-Pad1)")
  (net 4 "Net-(C3-Pad2)")
  (net 5 "Net-(C3-Pad1)")
  (net 6 "Net-(C5-Pad1)")
  (net 7 prevgh)
  (net 8 prevgl)
  (net 9 "Net-(C8-Pad1)")
  (net 10 "Net-(C9-Pad1)")
  (net 11 "Net-(C10-Pad1)")
  (net 12 "Net-(C11-Pad1)")
  (net 13 "Net-(C12-Pad1)")
  (net 14 "Net-(C13-Pad1)")
  (net 15 rtcVcc)
  (net 16 "Net-(IC1-Pad1)")
  (net 17 "Net-(IC1-Pad3)")
  (net 18 sda)
  (net 19 scl)
  (net 20 d13)
  (net 21 d12)
  (net 22 d11)
  (net 23 d10)
  (net 24 cs)
  (net 25 d.c)
  (net 26 reset)
  (net 27 busy)
  (net 28 "Net-(J2-Pad7)")
  (net 29 "Net-(J2-Pad6)")
  (net 30 rese)
  (net 31 gdr)
  (net 32 "Net-(J2-Pad1)")
  (net 33 "Net-(R5-Pad2)")
  (net 34 "Net-(U1-Pad7)")
  (net 35 "Net-(U1-Pad8)")
  (net 36 "Net-(U1-Pad9)")
  (net 37 "Net-(U1-Pad10)")
  (net 38 "Net-(U1-Pad19)")
  (net 39 "Net-(U1-Pad22)")
  (net 40 "Net-(U1-Pad23)")
  (net 41 "Net-(U1-Pad24)")
  (net 42 "Net-(U1-Pad25)")
  (net 43 "Net-(U1-Pad26)")
  (net 44 "Net-(U1-Pad30)")
  (net 45 "Net-(U1-Pad31)")
  (net 46 "Net-(U1-Pad32)")

  (net_class Default "This is the default net class."
    (clearance 0.2)
    (trace_width 0.25)
    (via_dia 0.8)
    (via_drill 0.4)
    (uvia_dia 0.3)
    (uvia_drill 0.1)
    (add_net "Net-(BT2-Pad1)")
    (add_net "Net-(C10-Pad1)")
    (add_net "Net-(C11-Pad1)")
    (add_net "Net-(C12-Pad1)")
    (add_net "Net-(C13-Pad1)")
    (add_net "Net-(C3-Pad1)")
    (add_net "Net-(C3-Pad2)")
    (add_net "Net-(C5-Pad1)")
    (add_net "Net-(C8-Pad1)")
    (add_net "Net-(C9-Pad1)")
    (add_net "Net-(IC1-Pad1)")
    (add_net "Net-(IC1-Pad3)")
    (add_net "Net-(J2-Pad1)")
    (add_net "Net-(J2-Pad6)")
    (add_net "Net-(J2-Pad7)")
    (add_net "Net-(R5-Pad2)")
    (add_net "Net-(U1-Pad10)")
    (add_net "Net-(U1-Pad19)")
    (add_net "Net-(U1-Pad22)")
    (add_net "Net-(U1-Pad23)")
    (add_net "Net-(U1-Pad24)")
    (add_net "Net-(U1-Pad25)")
    (add_net "Net-(U1-Pad26)")
    (add_net "Net-(U1-Pad30)")
    (add_net "Net-(U1-Pad31)")
    (add_net "Net-(U1-Pad32)")
    (add_net "Net-(U1-Pad7)")
    (add_net "Net-(U1-Pad8)")
    (add_net "Net-(U1-Pad9)")
    (add_net busy)
    (add_net cs)
    (add_net d.c)
    (add_net d10)
    (add_net d11)
    (add_net d12)
    (add_net d13)
    (add_net gdr)
    (add_net gnd)
    (add_net prevgh)
    (add_net prevgl)
    (add_net rese)
    (add_net reset)
    (add_net rtcVcc)
    (add_net scl)
    (add_net sda)
    (add_net vcc)
  )

  (module "otp:otp_coincellbattery holder" (layer F.Cu) (tedit 5D1ED707) (tstamp 5D1737A0)
    (at 110.5 100.5 90)
    (path /5D1C1CFF)
    (fp_text reference BT1 (at 0 0.5 90) (layer B.SilkS)
      (effects (font (size 1 1) (thickness 0.15)) (justify mirror))
    )
    (fp_text value Battery_Cell (at 0 -0.5 90) (layer B.Fab)
      (effects (font (size 1 1) (thickness 0.15)) (justify mirror))
    )
    (fp_circle (center 5.5 12) (end 16.68034 12) (layer B.SilkS) (width 0.12))
    (fp_line (start -5 0.5) (end -5 12) (layer B.SilkS) (width 0.12))
    (fp_poly (pts (xy -5 15.5) (xy -5 23) (xy -2.5 23) (xy -2.5 15.5)) (layer B.SilkS) (width 0.1))
    (fp_poly (pts (xy -5 1) (xy -5 8.5) (xy -2.5 8.5) (xy -2.5 1)) (layer B.SilkS) (width 0.1))
    (fp_line (start 19.5 0.5) (end -5.5 0.5) (layer B.SilkS) (width 0.12))
    (fp_line (start 19.5 23.5) (end 19.5 0.5) (layer B.SilkS) (width 0.12))
    (fp_line (start -5.5 23.5) (end 19.5 23.5) (layer B.SilkS) (width 0.12))
    (fp_line (start -5.5 0.5) (end -5.5 23.5) (layer B.SilkS) (width 0.12))
    (pad 2 thru_hole circle (at 15.5 12 90) (size 2 2) (drill 0.762) (layers *.Cu *.Mask)
      (net 1 gnd))
    (pad 1 thru_hole circle (at -4.5 12 90) (size 2 2) (drill 0.762) (layers *.Cu *.Mask)
      (net 2 vcc))
  )

  (module millk:Conn2 (layer F.Cu) (tedit 5CB1B342) (tstamp 5D1ECF98)
    (at 130 77.5)
    (path /5D1D282F)
    (fp_text reference BT2 (at 0 0.5) (layer F.SilkS)
      (effects (font (size 1 1) (thickness 0.15)))
    )
    (fp_text value Battery_Cell (at 0 -0.5) (layer F.Fab)
      (effects (font (size 1 1) (thickness 0.15)))
    )
    (pad 2 thru_hole circle (at 0 2.5) (size 2 2) (drill 0.762) (layers *.Cu *.Mask)
      (net 1 gnd))
    (pad 1 thru_hole circle (at -2.5 2.5) (size 2 2) (drill 0.762) (layers *.Cu *.Mask)
      (net 3 "Net-(BT2-Pad1)"))
  )

  (module Diodes_SMD:D_2010 (layer F.Cu) (tedit 590CF099) (tstamp 5D1738D3)
    (at 101.5 91.185 270)
    (descr "Diode SMD 2010, reflow soldering http://datasheets.avx.com/schottky.pdf")
    (tags "Diode 2010")
    (path /5D17D8A5)
    (attr smd)
    (fp_text reference D3 (at 0 -2 90) (layer F.SilkS)
      (effects (font (size 1 1) (thickness 0.15)))
    )
    (fp_text value MBR0530 (at 0 2.1 90) (layer F.Fab)
      (effects (font (size 1 1) (thickness 0.15)))
    )
    (fp_text user %R (at 0 -2 90) (layer F.Fab)
      (effects (font (size 1 1) (thickness 0.15)))
    )
    (fp_line (start -2.7 -1.24) (end -2.7 1.24) (layer F.SilkS) (width 0.12))
    (fp_line (start 2.25 1.1) (end -2.25 1.1) (layer F.Fab) (width 0.1))
    (fp_line (start -2.25 1.1) (end -2.25 -1.1) (layer F.Fab) (width 0.1))
    (fp_line (start 2.25 -1.1) (end 2.25 1.1) (layer F.Fab) (width 0.1))
    (fp_line (start 2.25 -1.1) (end -2.25 -1.1) (layer F.Fab) (width 0.1))
    (fp_line (start -2.81 -1.35) (end 2.81 -1.35) (layer F.CrtYd) (width 0.05))
    (fp_line (start -2.81 1.35) (end -2.81 -1.35) (layer F.CrtYd) (width 0.05))
    (fp_line (start -0.64944 0) (end -1.24 0) (layer F.Fab) (width 0.1))
    (fp_line (start 0.50118 0) (end 1.4994 0) (layer F.Fab) (width 0.1))
    (fp_line (start -0.64944 -0.79908) (end -0.64944 0.80112) (layer F.Fab) (width 0.1))
    (fp_line (start 0.50118 0.75032) (end 0.50118 -0.79908) (layer F.Fab) (width 0.1))
    (fp_line (start -0.64944 0) (end 0.50118 0.75032) (layer F.Fab) (width 0.1))
    (fp_line (start -0.64944 0) (end 0.50118 -0.79908) (layer F.Fab) (width 0.1))
    (fp_line (start -2.7 -1.24) (end 2.25 -1.24) (layer F.SilkS) (width 0.12))
    (fp_line (start -2.7 1.24) (end 2.25 1.24) (layer F.SilkS) (width 0.12))
    (fp_line (start 2.81 1.35) (end 2.81 -1.35) (layer F.CrtYd) (width 0.05))
    (fp_line (start -2.81 1.35) (end 2.81 1.35) (layer F.CrtYd) (width 0.05))
    (pad 1 smd rect (at -1.935 0 270) (size 1.27 1.47) (layers F.Cu F.Paste F.Mask)
      (net 7 prevgh))
    (pad 2 smd rect (at 1.935 0 270) (size 1.27 1.47) (layers F.Cu F.Paste F.Mask)
      (net 4 "Net-(C3-Pad2)"))
    (model ${KISYS3DMOD}/Diodes_SMD.3dshapes/D_2010.wrl
      (at (xyz 0 0 0))
      (scale (xyz 1 1 1))
      (rotate (xyz 0 0 0))
    )
  )

  (module Diodes_SMD:D_2010 (layer F.Cu) (tedit 590CF099) (tstamp 5D1738BB)
    (at 97.75 84.5 270)
    (descr "Diode SMD 2010, reflow soldering http://datasheets.avx.com/schottky.pdf")
    (tags "Diode 2010")
    (path /5D17DCE4)
    (attr smd)
    (fp_text reference D2 (at 0 -2 90) (layer F.SilkS)
      (effects (font (size 1 1) (thickness 0.15)))
    )
    (fp_text value MBR0530 (at 0 2.1 90) (layer F.Fab)
      (effects (font (size 1 1) (thickness 0.15)))
    )
    (fp_text user %R (at 0 -2 90) (layer F.Fab)
      (effects (font (size 1 1) (thickness 0.15)))
    )
    (fp_line (start -2.7 -1.24) (end -2.7 1.24) (layer F.SilkS) (width 0.12))
    (fp_line (start 2.25 1.1) (end -2.25 1.1) (layer F.Fab) (width 0.1))
    (fp_line (start -2.25 1.1) (end -2.25 -1.1) (layer F.Fab) (width 0.1))
    (fp_line (start 2.25 -1.1) (end 2.25 1.1) (layer F.Fab) (width 0.1))
    (fp_line (start 2.25 -1.1) (end -2.25 -1.1) (layer F.Fab) (width 0.1))
    (fp_line (start -2.81 -1.35) (end 2.81 -1.35) (layer F.CrtYd) (width 0.05))
    (fp_line (start -2.81 1.35) (end -2.81 -1.35) (layer F.CrtYd) (width 0.05))
    (fp_line (start -0.64944 0) (end -1.24 0) (layer F.Fab) (width 0.1))
    (fp_line (start 0.50118 0) (end 1.4994 0) (layer F.Fab) (width 0.1))
    (fp_line (start -0.64944 -0.79908) (end -0.64944 0.80112) (layer F.Fab) (width 0.1))
    (fp_line (start 0.50118 0.75032) (end 0.50118 -0.79908) (layer F.Fab) (width 0.1))
    (fp_line (start -0.64944 0) (end 0.50118 0.75032) (layer F.Fab) (width 0.1))
    (fp_line (start -0.64944 0) (end 0.50118 -0.79908) (layer F.Fab) (width 0.1))
    (fp_line (start -2.7 -1.24) (end 2.25 -1.24) (layer F.SilkS) (width 0.12))
    (fp_line (start -2.7 1.24) (end 2.25 1.24) (layer F.SilkS) (width 0.12))
    (fp_line (start 2.81 1.35) (end 2.81 -1.35) (layer F.CrtYd) (width 0.05))
    (fp_line (start -2.81 1.35) (end 2.81 1.35) (layer F.CrtYd) (width 0.05))
    (pad 1 smd rect (at -1.935 0 270) (size 1.27 1.47) (layers F.Cu F.Paste F.Mask)
      (net 5 "Net-(C3-Pad1)"))
    (pad 2 smd rect (at 1.935 0 270) (size 1.27 1.47) (layers F.Cu F.Paste F.Mask)
      (net 8 prevgl))
    (model ${KISYS3DMOD}/Diodes_SMD.3dshapes/D_2010.wrl
      (at (xyz 0 0 0))
      (scale (xyz 1 1 1))
      (rotate (xyz 0 0 0))
    )
  )

  (module Diodes_SMD:D_2010 (layer F.Cu) (tedit 590CF099) (tstamp 5D1738A3)
    (at 94.685 80.5)
    (descr "Diode SMD 2010, reflow soldering http://datasheets.avx.com/schottky.pdf")
    (tags "Diode 2010")
    (path /5D17E2C2)
    (attr smd)
    (fp_text reference D1 (at 0 -2) (layer F.SilkS)
      (effects (font (size 1 1) (thickness 0.15)))
    )
    (fp_text value MBR0530 (at 0 2.1) (layer F.Fab)
      (effects (font (size 1 1) (thickness 0.15)))
    )
    (fp_text user %R (at 0 -2) (layer F.Fab)
      (effects (font (size 1 1) (thickness 0.15)))
    )
    (fp_line (start -2.7 -1.24) (end -2.7 1.24) (layer F.SilkS) (width 0.12))
    (fp_line (start 2.25 1.1) (end -2.25 1.1) (layer F.Fab) (width 0.1))
    (fp_line (start -2.25 1.1) (end -2.25 -1.1) (layer F.Fab) (width 0.1))
    (fp_line (start 2.25 -1.1) (end 2.25 1.1) (layer F.Fab) (width 0.1))
    (fp_line (start 2.25 -1.1) (end -2.25 -1.1) (layer F.Fab) (width 0.1))
    (fp_line (start -2.81 -1.35) (end 2.81 -1.35) (layer F.CrtYd) (width 0.05))
    (fp_line (start -2.81 1.35) (end -2.81 -1.35) (layer F.CrtYd) (width 0.05))
    (fp_line (start -0.64944 0) (end -1.24 0) (layer F.Fab) (width 0.1))
    (fp_line (start 0.50118 0) (end 1.4994 0) (layer F.Fab) (width 0.1))
    (fp_line (start -0.64944 -0.79908) (end -0.64944 0.80112) (layer F.Fab) (width 0.1))
    (fp_line (start 0.50118 0.75032) (end 0.50118 -0.79908) (layer F.Fab) (width 0.1))
    (fp_line (start -0.64944 0) (end 0.50118 0.75032) (layer F.Fab) (width 0.1))
    (fp_line (start -0.64944 0) (end 0.50118 -0.79908) (layer F.Fab) (width 0.1))
    (fp_line (start -2.7 -1.24) (end 2.25 -1.24) (layer F.SilkS) (width 0.12))
    (fp_line (start -2.7 1.24) (end 2.25 1.24) (layer F.SilkS) (width 0.12))
    (fp_line (start 2.81 1.35) (end 2.81 -1.35) (layer F.CrtYd) (width 0.05))
    (fp_line (start -2.81 1.35) (end 2.81 1.35) (layer F.CrtYd) (width 0.05))
    (pad 1 smd rect (at -1.935 0) (size 1.27 1.47) (layers F.Cu F.Paste F.Mask)
      (net 1 gnd))
    (pad 2 smd rect (at 1.935 0) (size 1.27 1.47) (layers F.Cu F.Paste F.Mask)
      (net 5 "Net-(C3-Pad1)"))
    (model ${KISYS3DMOD}/Diodes_SMD.3dshapes/D_2010.wrl
      (at (xyz 0 0 0))
      (scale (xyz 1 1 1))
      (rotate (xyz 0 0 0))
    )
  )

  (module millk:pushbutton_2pin (layer F.Cu) (tedit 5D173407) (tstamp 5D1756C1)
    (at 124.75 112 90)
    (path /5D177234)
    (fp_text reference SW1 (at 0 0.5 90) (layer F.SilkS)
      (effects (font (size 1 1) (thickness 0.15)))
    )
    (fp_text value Switch_SW_Push (at 0 -0.5 90) (layer F.Fab)
      (effects (font (size 1 1) (thickness 0.15)))
    )
    (fp_line (start -6 8) (end -6 5) (layer F.SilkS) (width 0.12))
    (fp_line (start 1 8) (end -6 8) (layer F.SilkS) (width 0.12))
    (fp_line (start 1 2) (end 1 8) (layer F.SilkS) (width 0.12))
    (fp_line (start 0.5 2) (end 1 2) (layer F.SilkS) (width 0.12))
    (fp_line (start -6 2) (end 0.5 2) (layer F.SilkS) (width 0.12))
    (fp_line (start -6 5) (end -6 2) (layer F.SilkS) (width 0.12))
    (pad 2 thru_hole circle (at 0 5 90) (size 2.5 2.5) (drill 0.762) (layers *.Cu *.Mask)
      (net 2 vcc))
    (pad 1 thru_hole circle (at -5 5 90) (size 2.5 2.5) (drill 0.762) (layers *.Cu *.Mask)
      (net 33 "Net-(R5-Pad2)"))
  )

  (module Capacitors_SMD:C_0805_HandSoldering (layer F.Cu) (tedit 58AA84A8) (tstamp 5D1737BF)
    (at 119.5 99.25 90)
    (descr "Capacitor SMD 0805, hand soldering")
    (tags "capacitor 0805")
    (path /5D1C61F9)
    (attr smd)
    (fp_text reference C1 (at 0 -1.75 90) (layer F.SilkS)
      (effects (font (size 1 1) (thickness 0.15)))
    )
    (fp_text value C (at 0 1.75 90) (layer F.Fab)
      (effects (font (size 1 1) (thickness 0.15)))
    )
    (fp_text user %R (at 0 -1.75 90) (layer F.Fab)
      (effects (font (size 1 1) (thickness 0.15)))
    )
    (fp_line (start -1 0.62) (end -1 -0.62) (layer F.Fab) (width 0.1))
    (fp_line (start 1 0.62) (end -1 0.62) (layer F.Fab) (width 0.1))
    (fp_line (start 1 -0.62) (end 1 0.62) (layer F.Fab) (width 0.1))
    (fp_line (start -1 -0.62) (end 1 -0.62) (layer F.Fab) (width 0.1))
    (fp_line (start 0.5 -0.85) (end -0.5 -0.85) (layer F.SilkS) (width 0.12))
    (fp_line (start -0.5 0.85) (end 0.5 0.85) (layer F.SilkS) (width 0.12))
    (fp_line (start -2.25 -0.88) (end 2.25 -0.88) (layer F.CrtYd) (width 0.05))
    (fp_line (start -2.25 -0.88) (end -2.25 0.87) (layer F.CrtYd) (width 0.05))
    (fp_line (start 2.25 0.87) (end 2.25 -0.88) (layer F.CrtYd) (width 0.05))
    (fp_line (start 2.25 0.87) (end -2.25 0.87) (layer F.CrtYd) (width 0.05))
    (pad 1 smd rect (at -1.25 0 90) (size 1.5 1.25) (layers F.Cu F.Paste F.Mask)
      (net 2 vcc))
    (pad 2 smd rect (at 1.25 0 90) (size 1.5 1.25) (layers F.Cu F.Paste F.Mask)
      (net 1 gnd))
    (model Capacitors_SMD.3dshapes/C_0805.wrl
      (at (xyz 0 0 0))
      (scale (xyz 1 1 1))
      (rotate (xyz 0 0 0))
    )
  )

  (module Capacitors_SMD:C_0805_HandSoldering (layer F.Cu) (tedit 58AA84A8) (tstamp 5D1737D0)
    (at 117 99.25 90)
    (descr "Capacitor SMD 0805, hand soldering")
    (tags "capacitor 0805")
    (path /5D17C4D1)
    (attr smd)
    (fp_text reference C2 (at 0 -1.75 90) (layer F.SilkS)
      (effects (font (size 1 1) (thickness 0.15)))
    )
    (fp_text value C (at 0 1.75 90) (layer F.Fab)
      (effects (font (size 1 1) (thickness 0.15)))
    )
    (fp_line (start 2.25 0.87) (end -2.25 0.87) (layer F.CrtYd) (width 0.05))
    (fp_line (start 2.25 0.87) (end 2.25 -0.88) (layer F.CrtYd) (width 0.05))
    (fp_line (start -2.25 -0.88) (end -2.25 0.87) (layer F.CrtYd) (width 0.05))
    (fp_line (start -2.25 -0.88) (end 2.25 -0.88) (layer F.CrtYd) (width 0.05))
    (fp_line (start -0.5 0.85) (end 0.5 0.85) (layer F.SilkS) (width 0.12))
    (fp_line (start 0.5 -0.85) (end -0.5 -0.85) (layer F.SilkS) (width 0.12))
    (fp_line (start -1 -0.62) (end 1 -0.62) (layer F.Fab) (width 0.1))
    (fp_line (start 1 -0.62) (end 1 0.62) (layer F.Fab) (width 0.1))
    (fp_line (start 1 0.62) (end -1 0.62) (layer F.Fab) (width 0.1))
    (fp_line (start -1 0.62) (end -1 -0.62) (layer F.Fab) (width 0.1))
    (fp_text user %R (at 0 -1.75 90) (layer F.Fab)
      (effects (font (size 1 1) (thickness 0.15)))
    )
    (pad 2 smd rect (at 1.25 0 90) (size 1.5 1.25) (layers F.Cu F.Paste F.Mask)
      (net 1 gnd))
    (pad 1 smd rect (at -1.25 0 90) (size 1.5 1.25) (layers F.Cu F.Paste F.Mask)
      (net 2 vcc))
    (model Capacitors_SMD.3dshapes/C_0805.wrl
      (at (xyz 0 0 0))
      (scale (xyz 1 1 1))
      (rotate (xyz 0 0 0))
    )
  )

  (module Capacitors_SMD:C_0805_HandSoldering (layer F.Cu) (tedit 58AA84A8) (tstamp 5D1737E1)
    (at 100.5 97 270)
    (descr "Capacitor SMD 0805, hand soldering")
    (tags "capacitor 0805")
    (path /5D17D28F)
    (attr smd)
    (fp_text reference C3 (at 0 -1.75 90) (layer F.SilkS)
      (effects (font (size 1 1) (thickness 0.15)))
    )
    (fp_text value C (at 0 1.75 90) (layer F.Fab)
      (effects (font (size 1 1) (thickness 0.15)))
    )
    (fp_line (start 2.25 0.87) (end -2.25 0.87) (layer F.CrtYd) (width 0.05))
    (fp_line (start 2.25 0.87) (end 2.25 -0.88) (layer F.CrtYd) (width 0.05))
    (fp_line (start -2.25 -0.88) (end -2.25 0.87) (layer F.CrtYd) (width 0.05))
    (fp_line (start -2.25 -0.88) (end 2.25 -0.88) (layer F.CrtYd) (width 0.05))
    (fp_line (start -0.5 0.85) (end 0.5 0.85) (layer F.SilkS) (width 0.12))
    (fp_line (start 0.5 -0.85) (end -0.5 -0.85) (layer F.SilkS) (width 0.12))
    (fp_line (start -1 -0.62) (end 1 -0.62) (layer F.Fab) (width 0.1))
    (fp_line (start 1 -0.62) (end 1 0.62) (layer F.Fab) (width 0.1))
    (fp_line (start 1 0.62) (end -1 0.62) (layer F.Fab) (width 0.1))
    (fp_line (start -1 0.62) (end -1 -0.62) (layer F.Fab) (width 0.1))
    (fp_text user %R (at 0 -1.75 90) (layer F.Fab)
      (effects (font (size 1 1) (thickness 0.15)))
    )
    (pad 2 smd rect (at 1.25 0 270) (size 1.5 1.25) (layers F.Cu F.Paste F.Mask)
      (net 4 "Net-(C3-Pad2)"))
    (pad 1 smd rect (at -1.25 0 270) (size 1.5 1.25) (layers F.Cu F.Paste F.Mask)
      (net 5 "Net-(C3-Pad1)"))
    (model Capacitors_SMD.3dshapes/C_0805.wrl
      (at (xyz 0 0 0))
      (scale (xyz 1 1 1))
      (rotate (xyz 0 0 0))
    )
  )

  (module Capacitors_SMD:C_0805_HandSoldering (layer F.Cu) (tedit 58AA84A8) (tstamp 5D1737F2)
    (at 103 105 90)
    (descr "Capacitor SMD 0805, hand soldering")
    (tags "capacitor 0805")
    (path /5D1AB97A)
    (attr smd)
    (fp_text reference C4 (at 0 -1.75 90) (layer F.SilkS)
      (effects (font (size 1 1) (thickness 0.15)))
    )
    (fp_text value C (at 0 1.75 90) (layer F.Fab)
      (effects (font (size 1 1) (thickness 0.15)))
    )
    (fp_text user %R (at 0 -1.75 90) (layer F.Fab)
      (effects (font (size 1 1) (thickness 0.15)))
    )
    (fp_line (start -1 0.62) (end -1 -0.62) (layer F.Fab) (width 0.1))
    (fp_line (start 1 0.62) (end -1 0.62) (layer F.Fab) (width 0.1))
    (fp_line (start 1 -0.62) (end 1 0.62) (layer F.Fab) (width 0.1))
    (fp_line (start -1 -0.62) (end 1 -0.62) (layer F.Fab) (width 0.1))
    (fp_line (start 0.5 -0.85) (end -0.5 -0.85) (layer F.SilkS) (width 0.12))
    (fp_line (start -0.5 0.85) (end 0.5 0.85) (layer F.SilkS) (width 0.12))
    (fp_line (start -2.25 -0.88) (end 2.25 -0.88) (layer F.CrtYd) (width 0.05))
    (fp_line (start -2.25 -0.88) (end -2.25 0.87) (layer F.CrtYd) (width 0.05))
    (fp_line (start 2.25 0.87) (end 2.25 -0.88) (layer F.CrtYd) (width 0.05))
    (fp_line (start 2.25 0.87) (end -2.25 0.87) (layer F.CrtYd) (width 0.05))
    (pad 1 smd rect (at -1.25 0 90) (size 1.5 1.25) (layers F.Cu F.Paste F.Mask)
      (net 2 vcc))
    (pad 2 smd rect (at 1.25 0 90) (size 1.5 1.25) (layers F.Cu F.Paste F.Mask)
      (net 1 gnd))
    (model Capacitors_SMD.3dshapes/C_0805.wrl
      (at (xyz 0 0 0))
      (scale (xyz 1 1 1))
      (rotate (xyz 0 0 0))
    )
  )

  (module Capacitors_SMD:C_0805_HandSoldering (layer F.Cu) (tedit 58AA84A8) (tstamp 5D173803)
    (at 106 90.25 270)
    (descr "Capacitor SMD 0805, hand soldering")
    (tags "capacitor 0805")
    (path /5D18C383)
    (attr smd)
    (fp_text reference C5 (at 0 -1.75 90) (layer F.SilkS)
      (effects (font (size 1 1) (thickness 0.15)))
    )
    (fp_text value C (at 0 1.75 90) (layer F.Fab)
      (effects (font (size 1 1) (thickness 0.15)))
    )
    (fp_text user %R (at 0 -1.75 90) (layer F.Fab)
      (effects (font (size 1 1) (thickness 0.15)))
    )
    (fp_line (start -1 0.62) (end -1 -0.62) (layer F.Fab) (width 0.1))
    (fp_line (start 1 0.62) (end -1 0.62) (layer F.Fab) (width 0.1))
    (fp_line (start 1 -0.62) (end 1 0.62) (layer F.Fab) (width 0.1))
    (fp_line (start -1 -0.62) (end 1 -0.62) (layer F.Fab) (width 0.1))
    (fp_line (start 0.5 -0.85) (end -0.5 -0.85) (layer F.SilkS) (width 0.12))
    (fp_line (start -0.5 0.85) (end 0.5 0.85) (layer F.SilkS) (width 0.12))
    (fp_line (start -2.25 -0.88) (end 2.25 -0.88) (layer F.CrtYd) (width 0.05))
    (fp_line (start -2.25 -0.88) (end -2.25 0.87) (layer F.CrtYd) (width 0.05))
    (fp_line (start 2.25 0.87) (end 2.25 -0.88) (layer F.CrtYd) (width 0.05))
    (fp_line (start 2.25 0.87) (end -2.25 0.87) (layer F.CrtYd) (width 0.05))
    (pad 1 smd rect (at -1.25 0 270) (size 1.5 1.25) (layers F.Cu F.Paste F.Mask)
      (net 6 "Net-(C5-Pad1)"))
    (pad 2 smd rect (at 1.25 0 270) (size 1.5 1.25) (layers F.Cu F.Paste F.Mask)
      (net 1 gnd))
    (model Capacitors_SMD.3dshapes/C_0805.wrl
      (at (xyz 0 0 0))
      (scale (xyz 1 1 1))
      (rotate (xyz 0 0 0))
    )
  )

  (module Capacitors_SMD:C_0805_HandSoldering (layer F.Cu) (tedit 58AA84A8) (tstamp 5D173814)
    (at 99 90.75 270)
    (descr "Capacitor SMD 0805, hand soldering")
    (tags "capacitor 0805")
    (path /5D18F282)
    (attr smd)
    (fp_text reference C6 (at 0 -1.75 90) (layer F.SilkS)
      (effects (font (size 1 1) (thickness 0.15)))
    )
    (fp_text value C (at 0 1.75 90) (layer F.Fab)
      (effects (font (size 1 1) (thickness 0.15)))
    )
    (fp_text user %R (at 0 -1.75 90) (layer F.Fab)
      (effects (font (size 1 1) (thickness 0.15)))
    )
    (fp_line (start -1 0.62) (end -1 -0.62) (layer F.Fab) (width 0.1))
    (fp_line (start 1 0.62) (end -1 0.62) (layer F.Fab) (width 0.1))
    (fp_line (start 1 -0.62) (end 1 0.62) (layer F.Fab) (width 0.1))
    (fp_line (start -1 -0.62) (end 1 -0.62) (layer F.Fab) (width 0.1))
    (fp_line (start 0.5 -0.85) (end -0.5 -0.85) (layer F.SilkS) (width 0.12))
    (fp_line (start -0.5 0.85) (end 0.5 0.85) (layer F.SilkS) (width 0.12))
    (fp_line (start -2.25 -0.88) (end 2.25 -0.88) (layer F.CrtYd) (width 0.05))
    (fp_line (start -2.25 -0.88) (end -2.25 0.87) (layer F.CrtYd) (width 0.05))
    (fp_line (start 2.25 0.87) (end 2.25 -0.88) (layer F.CrtYd) (width 0.05))
    (fp_line (start 2.25 0.87) (end -2.25 0.87) (layer F.CrtYd) (width 0.05))
    (pad 1 smd rect (at -1.25 0 270) (size 1.5 1.25) (layers F.Cu F.Paste F.Mask)
      (net 7 prevgh))
    (pad 2 smd rect (at 1.25 0 270) (size 1.5 1.25) (layers F.Cu F.Paste F.Mask)
      (net 1 gnd))
    (model Capacitors_SMD.3dshapes/C_0805.wrl
      (at (xyz 0 0 0))
      (scale (xyz 1 1 1))
      (rotate (xyz 0 0 0))
    )
  )

  (module Capacitors_SMD:C_0805_HandSoldering (layer F.Cu) (tedit 58AA84A8) (tstamp 5D173825)
    (at 91.75 84.5 90)
    (descr "Capacitor SMD 0805, hand soldering")
    (tags "capacitor 0805")
    (path /5D190C60)
    (attr smd)
    (fp_text reference C7 (at 0 -1.75 90) (layer F.SilkS)
      (effects (font (size 1 1) (thickness 0.15)))
    )
    (fp_text value C (at 0 1.75 90) (layer F.Fab)
      (effects (font (size 1 1) (thickness 0.15)))
    )
    (fp_text user %R (at 0 -1.75 90) (layer F.Fab)
      (effects (font (size 1 1) (thickness 0.15)))
    )
    (fp_line (start -1 0.62) (end -1 -0.62) (layer F.Fab) (width 0.1))
    (fp_line (start 1 0.62) (end -1 0.62) (layer F.Fab) (width 0.1))
    (fp_line (start 1 -0.62) (end 1 0.62) (layer F.Fab) (width 0.1))
    (fp_line (start -1 -0.62) (end 1 -0.62) (layer F.Fab) (width 0.1))
    (fp_line (start 0.5 -0.85) (end -0.5 -0.85) (layer F.SilkS) (width 0.12))
    (fp_line (start -0.5 0.85) (end 0.5 0.85) (layer F.SilkS) (width 0.12))
    (fp_line (start -2.25 -0.88) (end 2.25 -0.88) (layer F.CrtYd) (width 0.05))
    (fp_line (start -2.25 -0.88) (end -2.25 0.87) (layer F.CrtYd) (width 0.05))
    (fp_line (start 2.25 0.87) (end 2.25 -0.88) (layer F.CrtYd) (width 0.05))
    (fp_line (start 2.25 0.87) (end -2.25 0.87) (layer F.CrtYd) (width 0.05))
    (pad 1 smd rect (at -1.25 0 90) (size 1.5 1.25) (layers F.Cu F.Paste F.Mask)
      (net 8 prevgl))
    (pad 2 smd rect (at 1.25 0 90) (size 1.5 1.25) (layers F.Cu F.Paste F.Mask)
      (net 1 gnd))
    (model Capacitors_SMD.3dshapes/C_0805.wrl
      (at (xyz 0 0 0))
      (scale (xyz 1 1 1))
      (rotate (xyz 0 0 0))
    )
  )

  (module Capacitors_SMD:C_0805_HandSoldering (layer F.Cu) (tedit 58AA84A8) (tstamp 5D173836)
    (at 109 89 270)
    (descr "Capacitor SMD 0805, hand soldering")
    (tags "capacitor 0805")
    (path /5D18AFD1)
    (attr smd)
    (fp_text reference C8 (at 0 -1.75 90) (layer F.SilkS)
      (effects (font (size 1 1) (thickness 0.15)))
    )
    (fp_text value C (at 0 1.75 90) (layer F.Fab)
      (effects (font (size 1 1) (thickness 0.15)))
    )
    (fp_line (start 2.25 0.87) (end -2.25 0.87) (layer F.CrtYd) (width 0.05))
    (fp_line (start 2.25 0.87) (end 2.25 -0.88) (layer F.CrtYd) (width 0.05))
    (fp_line (start -2.25 -0.88) (end -2.25 0.87) (layer F.CrtYd) (width 0.05))
    (fp_line (start -2.25 -0.88) (end 2.25 -0.88) (layer F.CrtYd) (width 0.05))
    (fp_line (start -0.5 0.85) (end 0.5 0.85) (layer F.SilkS) (width 0.12))
    (fp_line (start 0.5 -0.85) (end -0.5 -0.85) (layer F.SilkS) (width 0.12))
    (fp_line (start -1 -0.62) (end 1 -0.62) (layer F.Fab) (width 0.1))
    (fp_line (start 1 -0.62) (end 1 0.62) (layer F.Fab) (width 0.1))
    (fp_line (start 1 0.62) (end -1 0.62) (layer F.Fab) (width 0.1))
    (fp_line (start -1 0.62) (end -1 -0.62) (layer F.Fab) (width 0.1))
    (fp_text user %R (at 0 -1.75 90) (layer F.Fab)
      (effects (font (size 1 1) (thickness 0.15)))
    )
    (pad 2 smd rect (at 1.25 0 270) (size 1.5 1.25) (layers F.Cu F.Paste F.Mask)
      (net 1 gnd))
    (pad 1 smd rect (at -1.25 0 270) (size 1.5 1.25) (layers F.Cu F.Paste F.Mask)
      (net 9 "Net-(C8-Pad1)"))
    (model Capacitors_SMD.3dshapes/C_0805.wrl
      (at (xyz 0 0 0))
      (scale (xyz 1 1 1))
      (rotate (xyz 0 0 0))
    )
  )

  (module Capacitors_SMD:C_0805_HandSoldering (layer F.Cu) (tedit 58AA84A8) (tstamp 5D173847)
    (at 104 90.75 270)
    (descr "Capacitor SMD 0805, hand soldering")
    (tags "capacitor 0805")
    (path /5D18D5A6)
    (attr smd)
    (fp_text reference C9 (at 0 -1.75 90) (layer F.SilkS)
      (effects (font (size 1 1) (thickness 0.15)))
    )
    (fp_text value C (at 0 1.75 90) (layer F.Fab)
      (effects (font (size 1 1) (thickness 0.15)))
    )
    (fp_line (start 2.25 0.87) (end -2.25 0.87) (layer F.CrtYd) (width 0.05))
    (fp_line (start 2.25 0.87) (end 2.25 -0.88) (layer F.CrtYd) (width 0.05))
    (fp_line (start -2.25 -0.88) (end -2.25 0.87) (layer F.CrtYd) (width 0.05))
    (fp_line (start -2.25 -0.88) (end 2.25 -0.88) (layer F.CrtYd) (width 0.05))
    (fp_line (start -0.5 0.85) (end 0.5 0.85) (layer F.SilkS) (width 0.12))
    (fp_line (start 0.5 -0.85) (end -0.5 -0.85) (layer F.SilkS) (width 0.12))
    (fp_line (start -1 -0.62) (end 1 -0.62) (layer F.Fab) (width 0.1))
    (fp_line (start 1 -0.62) (end 1 0.62) (layer F.Fab) (width 0.1))
    (fp_line (start 1 0.62) (end -1 0.62) (layer F.Fab) (width 0.1))
    (fp_line (start -1 0.62) (end -1 -0.62) (layer F.Fab) (width 0.1))
    (fp_text user %R (at 0 -1.75 90) (layer F.Fab)
      (effects (font (size 1 1) (thickness 0.15)))
    )
    (pad 2 smd rect (at 1.25 0 270) (size 1.5 1.25) (layers F.Cu F.Paste F.Mask)
      (net 1 gnd))
    (pad 1 smd rect (at -1.25 0 270) (size 1.5 1.25) (layers F.Cu F.Paste F.Mask)
      (net 10 "Net-(C9-Pad1)"))
    (model Capacitors_SMD.3dshapes/C_0805.wrl
      (at (xyz 0 0 0))
      (scale (xyz 1 1 1))
      (rotate (xyz 0 0 0))
    )
  )

  (module Capacitors_SMD:C_0805_HandSoldering (layer F.Cu) (tedit 58AA84A8) (tstamp 5D173858)
    (at 95 84.5 90)
    (descr "Capacitor SMD 0805, hand soldering")
    (tags "capacitor 0805")
    (path /5D18FF28)
    (attr smd)
    (fp_text reference C10 (at 0 -1.75 90) (layer F.SilkS)
      (effects (font (size 1 1) (thickness 0.15)))
    )
    (fp_text value C (at 0 1.75 90) (layer F.Fab)
      (effects (font (size 1 1) (thickness 0.15)))
    )
    (fp_line (start 2.25 0.87) (end -2.25 0.87) (layer F.CrtYd) (width 0.05))
    (fp_line (start 2.25 0.87) (end 2.25 -0.88) (layer F.CrtYd) (width 0.05))
    (fp_line (start -2.25 -0.88) (end -2.25 0.87) (layer F.CrtYd) (width 0.05))
    (fp_line (start -2.25 -0.88) (end 2.25 -0.88) (layer F.CrtYd) (width 0.05))
    (fp_line (start -0.5 0.85) (end 0.5 0.85) (layer F.SilkS) (width 0.12))
    (fp_line (start 0.5 -0.85) (end -0.5 -0.85) (layer F.SilkS) (width 0.12))
    (fp_line (start -1 -0.62) (end 1 -0.62) (layer F.Fab) (width 0.1))
    (fp_line (start 1 -0.62) (end 1 0.62) (layer F.Fab) (width 0.1))
    (fp_line (start 1 0.62) (end -1 0.62) (layer F.Fab) (width 0.1))
    (fp_line (start -1 0.62) (end -1 -0.62) (layer F.Fab) (width 0.1))
    (fp_text user %R (at 0 -1.75 90) (layer F.Fab)
      (effects (font (size 1 1) (thickness 0.15)))
    )
    (pad 2 smd rect (at 1.25 0 90) (size 1.5 1.25) (layers F.Cu F.Paste F.Mask)
      (net 1 gnd))
    (pad 1 smd rect (at -1.25 0 90) (size 1.5 1.25) (layers F.Cu F.Paste F.Mask)
      (net 11 "Net-(C10-Pad1)"))
    (model Capacitors_SMD.3dshapes/C_0805.wrl
      (at (xyz 0 0 0))
      (scale (xyz 1 1 1))
      (rotate (xyz 0 0 0))
    )
  )

  (module Capacitors_SMD:C_0805_HandSoldering (layer F.Cu) (tedit 58AA84A8) (tstamp 5D173869)
    (at 100 84.75 90)
    (descr "Capacitor SMD 0805, hand soldering")
    (tags "capacitor 0805")
    (path /5D191705)
    (attr smd)
    (fp_text reference C11 (at 0 -1.75 90) (layer F.SilkS)
      (effects (font (size 1 1) (thickness 0.15)))
    )
    (fp_text value C (at 0 1.75 90) (layer F.Fab)
      (effects (font (size 1 1) (thickness 0.15)))
    )
    (fp_line (start 2.25 0.87) (end -2.25 0.87) (layer F.CrtYd) (width 0.05))
    (fp_line (start 2.25 0.87) (end 2.25 -0.88) (layer F.CrtYd) (width 0.05))
    (fp_line (start -2.25 -0.88) (end -2.25 0.87) (layer F.CrtYd) (width 0.05))
    (fp_line (start -2.25 -0.88) (end 2.25 -0.88) (layer F.CrtYd) (width 0.05))
    (fp_line (start -0.5 0.85) (end 0.5 0.85) (layer F.SilkS) (width 0.12))
    (fp_line (start 0.5 -0.85) (end -0.5 -0.85) (layer F.SilkS) (width 0.12))
    (fp_line (start -1 -0.62) (end 1 -0.62) (layer F.Fab) (width 0.1))
    (fp_line (start 1 -0.62) (end 1 0.62) (layer F.Fab) (width 0.1))
    (fp_line (start 1 0.62) (end -1 0.62) (layer F.Fab) (width 0.1))
    (fp_line (start -1 0.62) (end -1 -0.62) (layer F.Fab) (width 0.1))
    (fp_text user %R (at 0 -1.75 90) (layer F.Fab)
      (effects (font (size 1 1) (thickness 0.15)))
    )
    (pad 2 smd rect (at 1.25 0 90) (size 1.5 1.25) (layers F.Cu F.Paste F.Mask)
      (net 1 gnd))
    (pad 1 smd rect (at -1.25 0 90) (size 1.5 1.25) (layers F.Cu F.Paste F.Mask)
      (net 12 "Net-(C11-Pad1)"))
    (model Capacitors_SMD.3dshapes/C_0805.wrl
      (at (xyz 0 0 0))
      (scale (xyz 1 1 1))
      (rotate (xyz 0 0 0))
    )
  )

  (module Capacitors_SMD:C_0805_HandSoldering (layer F.Cu) (tedit 58AA84A8) (tstamp 5D17387A)
    (at 115 93.75 270)
    (descr "Capacitor SMD 0805, hand soldering")
    (tags "capacitor 0805")
    (path /5D18A968)
    (attr smd)
    (fp_text reference C12 (at 0 -1.75 90) (layer F.SilkS)
      (effects (font (size 1 1) (thickness 0.15)))
    )
    (fp_text value C (at 0 1.75 90) (layer F.Fab)
      (effects (font (size 1 1) (thickness 0.15)))
    )
    (fp_text user %R (at 0 -1.75 90) (layer F.Fab)
      (effects (font (size 1 1) (thickness 0.15)))
    )
    (fp_line (start -1 0.62) (end -1 -0.62) (layer F.Fab) (width 0.1))
    (fp_line (start 1 0.62) (end -1 0.62) (layer F.Fab) (width 0.1))
    (fp_line (start 1 -0.62) (end 1 0.62) (layer F.Fab) (width 0.1))
    (fp_line (start -1 -0.62) (end 1 -0.62) (layer F.Fab) (width 0.1))
    (fp_line (start 0.5 -0.85) (end -0.5 -0.85) (layer F.SilkS) (width 0.12))
    (fp_line (start -0.5 0.85) (end 0.5 0.85) (layer F.SilkS) (width 0.12))
    (fp_line (start -2.25 -0.88) (end 2.25 -0.88) (layer F.CrtYd) (width 0.05))
    (fp_line (start -2.25 -0.88) (end -2.25 0.87) (layer F.CrtYd) (width 0.05))
    (fp_line (start 2.25 0.87) (end 2.25 -0.88) (layer F.CrtYd) (width 0.05))
    (fp_line (start 2.25 0.87) (end -2.25 0.87) (layer F.CrtYd) (width 0.05))
    (pad 1 smd rect (at -1.25 0 270) (size 1.5 1.25) (layers F.Cu F.Paste F.Mask)
      (net 13 "Net-(C12-Pad1)"))
    (pad 2 smd rect (at 1.25 0 270) (size 1.5 1.25) (layers F.Cu F.Paste F.Mask)
      (net 1 gnd))
    (model Capacitors_SMD.3dshapes/C_0805.wrl
      (at (xyz 0 0 0))
      (scale (xyz 1 1 1))
      (rotate (xyz 0 0 0))
    )
  )

  (module Capacitors_SMD:C_0805_HandSoldering (layer F.Cu) (tedit 58AA84A8) (tstamp 5D17388B)
    (at 117 93.75 270)
    (descr "Capacitor SMD 0805, hand soldering")
    (tags "capacitor 0805")
    (path /5D189B5E)
    (attr smd)
    (fp_text reference C13 (at 0 -1.75 90) (layer F.SilkS)
      (effects (font (size 1 1) (thickness 0.15)))
    )
    (fp_text value C (at 0 1.75 90) (layer F.Fab)
      (effects (font (size 1 1) (thickness 0.15)))
    )
    (fp_line (start 2.25 0.87) (end -2.25 0.87) (layer F.CrtYd) (width 0.05))
    (fp_line (start 2.25 0.87) (end 2.25 -0.88) (layer F.CrtYd) (width 0.05))
    (fp_line (start -2.25 -0.88) (end -2.25 0.87) (layer F.CrtYd) (width 0.05))
    (fp_line (start -2.25 -0.88) (end 2.25 -0.88) (layer F.CrtYd) (width 0.05))
    (fp_line (start -0.5 0.85) (end 0.5 0.85) (layer F.SilkS) (width 0.12))
    (fp_line (start 0.5 -0.85) (end -0.5 -0.85) (layer F.SilkS) (width 0.12))
    (fp_line (start -1 -0.62) (end 1 -0.62) (layer F.Fab) (width 0.1))
    (fp_line (start 1 -0.62) (end 1 0.62) (layer F.Fab) (width 0.1))
    (fp_line (start 1 0.62) (end -1 0.62) (layer F.Fab) (width 0.1))
    (fp_line (start -1 0.62) (end -1 -0.62) (layer F.Fab) (width 0.1))
    (fp_text user %R (at 0 -1.75 90) (layer F.Fab)
      (effects (font (size 1 1) (thickness 0.15)))
    )
    (pad 2 smd rect (at 1.25 0 270) (size 1.5 1.25) (layers F.Cu F.Paste F.Mask)
      (net 1 gnd))
    (pad 1 smd rect (at -1.25 0 270) (size 1.5 1.25) (layers F.Cu F.Paste F.Mask)
      (net 14 "Net-(C13-Pad1)"))
    (model Capacitors_SMD.3dshapes/C_0805.wrl
      (at (xyz 0 0 0))
      (scale (xyz 1 1 1))
      (rotate (xyz 0 0 0))
    )
  )

  (module DS3231:SO16W (layer F.Cu) (tedit 0) (tstamp 5D173902)
    (at 127.25 94 90)
    (descr "<b>SMALL OUTLINE INTEGRATED CIRCUIT</b><p>wide body 7.5 mm/JEDEC MS-013AA")
    (path /5D178318)
    (attr smd)
    (fp_text reference IC1 (at -1.90554 -1.90554 90) (layer F.SilkS)
      (effects (font (size 1.00028 1.00028) (thickness 0.05)))
    )
    (fp_text value DS3231 (at -1.2704 1.90562 90) (layer F.SilkS)
      (effects (font (size 1.00033 1.00033) (thickness 0.05)))
    )
    (fp_line (start -5.395 -5.9) (end 5.395 -5.9) (layer Eco1.User) (width 0.1998))
    (fp_line (start 5.395 5.9) (end -5.395 5.9) (layer Eco1.User) (width 0.1998))
    (fp_line (start -5.395 5.9) (end -5.395 -5.9) (layer Eco1.User) (width 0.1998))
    (fp_line (start 5.19 3.7) (end -5.19 3.7) (layer Eco2.User) (width 0.2032))
    (fp_line (start -5.19 3.7) (end -5.19 3.2) (layer Eco2.User) (width 0.2032))
    (fp_line (start -5.19 3.2) (end -5.19 -3.7) (layer Eco2.User) (width 0.2032))
    (fp_line (start -5.19 -3.7) (end 5.19 -3.7) (layer Eco2.User) (width 0.2032))
    (fp_line (start 5.19 3.2) (end -5.19 3.2) (layer Eco2.User) (width 0.2032))
    (fp_line (start 5.19 -3.7) (end 5.19 3.2) (layer Eco2.User) (width 0.2032))
    (fp_line (start 5.19 3.2) (end 5.19 3.7) (layer Eco2.User) (width 0.2032))
    (fp_line (start 5.395 -5.9) (end 5.395 5.9) (layer Eco1.User) (width 0.1998))
    (fp_poly (pts (xy -4.69792 3.8001) (xy -4.1999 3.8001) (xy -4.1999 5.32887) (xy -4.69792 5.32887)) (layer Eco2.User) (width 0))
    (fp_poly (pts (xy -3.4211 3.8001) (xy -2.9299 3.8001) (xy -2.9299 5.32155) (xy -3.4211 5.32155)) (layer Eco2.User) (width 0))
    (fp_poly (pts (xy -2.15252 3.8001) (xy -1.6599 3.8001) (xy -1.6599 5.32599) (xy -2.15252 5.32599)) (layer Eco2.User) (width 0))
    (fp_poly (pts (xy -0.881631 3.8001) (xy -0.3899 3.8001) (xy -0.3899 5.32926) (xy -0.881631 5.32926)) (layer Eco2.User) (width 0))
    (fp_poly (pts (xy 0.389942 3.8001) (xy 0.8801 3.8001) (xy 0.8801 5.32057) (xy 0.389942 5.32057)) (layer Eco2.User) (width 0))
    (fp_poly (pts (xy 1.66201 3.8001) (xy 2.1501 3.8001) (xy 2.1501 5.32675) (xy 1.66201 5.32675)) (layer Eco2.User) (width 0))
    (fp_poly (pts (xy 2.93164 3.8001) (xy 3.4201 3.8001) (xy 3.4201 5.32316) (xy 2.93164 5.32316)) (layer Eco2.User) (width 0))
    (fp_poly (pts (xy 4.20405 3.8001) (xy 4.6901 3.8001) (xy 4.6901 5.32525) (xy 4.20405 5.32525)) (layer Eco2.User) (width 0))
    (fp_poly (pts (xy 4.20377 -5.32) (xy 4.6901 -5.32) (xy 4.6901 -3.8036) (xy 4.20377 -3.8036)) (layer Eco2.User) (width 0))
    (fp_poly (pts (xy 2.93419 -5.32) (xy 3.4201 -5.32) (xy 3.4201 -3.80566) (xy 2.93419 -3.80566)) (layer Eco2.User) (width 0))
    (fp_poly (pts (xy 1.66018 -5.32) (xy 2.1501 -5.32) (xy 2.1501 -3.80074) (xy 1.66018 -3.80074)) (layer Eco2.User) (width 0))
    (fp_poly (pts (xy 0.39062 -5.32) (xy 0.8801 -5.32) (xy 0.8801 -3.80712) (xy 0.39062 -3.80712)) (layer Eco2.User) (width 0))
    (fp_poly (pts (xy -0.881736 -5.32) (xy -0.3899 -5.32) (xy -0.3899 -3.80717) (xy -0.881736 -3.80717)) (layer Eco2.User) (width 0))
    (fp_poly (pts (xy -2.15037 -5.32) (xy -1.6599 -5.32) (xy -1.6599 -3.80058) (xy -2.15037 -3.80058)) (layer Eco2.User) (width 0))
    (fp_poly (pts (xy -3.42336 -5.32) (xy -2.9299 -5.32) (xy -2.9299 -3.80372) (xy -3.42336 -3.80372)) (layer Eco2.User) (width 0))
    (fp_poly (pts (xy -4.69487 -5.32) (xy -4.1999 -5.32) (xy -4.1999 -3.80397) (xy -4.69487 -3.80397)) (layer Eco2.User) (width 0))
    (pad 2 smd rect (at -3.175 4.6 90) (size 0.6 2.2) (layers F.Cu F.Paste F.Mask)
      (net 15 rtcVcc))
    (pad 13 smd rect (at -0.635 -4.6 90) (size 0.6 2.2) (layers F.Cu F.Paste F.Mask)
      (net 1 gnd))
    (pad 1 smd rect (at -4.445 4.6 90) (size 0.6 2.2) (layers F.Cu F.Paste F.Mask)
      (net 16 "Net-(IC1-Pad1)"))
    (pad 3 smd rect (at -1.905 4.6 90) (size 0.6 2.2) (layers F.Cu F.Paste F.Mask)
      (net 17 "Net-(IC1-Pad3)"))
    (pad 4 smd rect (at -0.635 4.6 90) (size 0.6 2.2) (layers F.Cu F.Paste F.Mask)
      (net 1 gnd))
    (pad 14 smd rect (at -1.905 -4.6 90) (size 0.6 2.2) (layers F.Cu F.Paste F.Mask)
      (net 3 "Net-(BT2-Pad1)"))
    (pad 12 smd rect (at 0.635 -4.6 90) (size 0.6 2.2) (layers F.Cu F.Paste F.Mask)
      (net 1 gnd))
    (pad 11 smd rect (at 1.905 -4.6 90) (size 0.6 2.2) (layers F.Cu F.Paste F.Mask)
      (net 1 gnd))
